Train Accuray
0.404
0.4
0.396
0.186
0.128
0.102
0.134
0.124
0.106
0.118
0.116
0.114
0.11
0.116
0.102
0.114
0.11
0.124
0.098
0.116
0.092
0.122
0.12
0.122
0.106
0.096
0.116
0.09
0.098
0.1
0.114
0.12
0.114
0.178
0.214
0.166
0.166
0.174
0.186
0.178
0.218
0.244
0.186
0.202
0.192
0.228
0.204
0.28
0.282
0.284
0.308
0.284
0.322
0.328
0.312
0.26
0.332
0.362
0.324
0.34
0.322
0.348
0.362
0.292
0.246
0.358
0.306
0.344
0.392
0.364
0.358
0.386
0.29
0.334
0.35
0.384
0.37
0.368
0.41
0.32
0.356
0.38
0.36
0.412
0.384
0.412
0.428
0.396
0.314
0.416
0.406
0.398
0.388
0.444
0.424
0.412
0.448
0.384
0.4
0.426
0.298
0.38
0.422
0.424
0.408
0.432
0.428
0.478
0.53
0.5
0.36
0.55
0.574
0.548
0.528
0.592
0.582
0.512
0.52
0.546
0.596
0.614
0.616
0.568
0.624
0.63
0.63
0.62
0.612
0.638
0.664
0.666
0.662
0.67
0.7
0.674
0.662
0.696
0.634
0.668
0.716
0.664
0.724
0.722
0.718
0.718
0.716
0.704
0.728
0.746
0.714
0.748
0.78
0.724
0.758
0.76
0.806
0.776
0.788
0.79
0.8
0.774
0.774
0.794
0.758
0.764
0.806
0.796
0.776
0.798
0.772
0.802
0.808
0.834
0.792
0.866
0.822
0.856
0.838
0.818
0.828
0.824
0.834
0.83
0.84
0.828
0.826
0.846
0.828
0.84
0.868
0.864
0.86
0.838
0.874
0.838
0.856
0.866
0.858
0.842
Test Accuray
0.3654
0.3805
0.3504
0.1759
0.1246
0.1142
0.1132
0.1094
0.108
0.1076
0.1048
0.1045
0.1043
0.1046
0.104
0.1043
0.1034
0.1043
0.1028
0.1054
0.1038
0.1036
0.1051
0.1057
0.1053
0.1033
0.1036
0.1032
0.1041
0.1047
0.1033
0.1037
0.104
0.1711
0.1811
0.1827
0.1881
0.1897
0.1932
0.1965
0.1947
0.1891
0.1964
0.1852
0.2019
0.1972
0.1958
0.2561
0.2722
0.281
0.3008
0.3004
0.2951
0.3125
0.3079
0.2438
0.301
0.3159
0.3108
0.3129
0.3227
0.3182
0.3172
0.3229
0.2455
0.3123
0.317
0.312
0.3363
0.3502
0.3455
0.3765
0.2958
0.3276
0.3465
0.3545
0.3418
0.3654
0.3689
0.2954
0.3582
0.3877
0.3438
0.383
0.3817
0.3689
0.3942
0.3757
0.3212
0.3915
0.3737
0.3976
0.3745
0.3924
0.3885
0.3904
0.3965
0.3656
0.3657
0.3935
0.2965
0.3946
0.4053
0.4028
0.4119
0.4026
0.4253
0.4462
0.4798
0.4837
0.3423
0.4973
0.5059
0.5195
0.505
0.5206
0.5272
0.4421
0.4996
0.5298
0.537
0.5309
0.5331
0.5116
0.5483
0.5388
0.5563
0.5475
0.53
0.5415
0.5554
0.5692
0.5528
0.5643
0.5698
0.5658
0.5699
0.5776
0.5682
0.5647
0.5622
0.5859
0.5819
0.5855
0.5902
0.5892
0.5877
0.5756
0.5978
0.5939
0.5878
0.575
0.5999
0.6019
0.5894
0.5973
0.5911
0.5928
0.6013
0.5984
0.6047
0.6043
0.6017
0.5969
0.598
0.6042
0.601
0.6093
0.6048
0.6055
0.6073
0.6
0.6049
0.6034
0.6102
0.6163
0.6013
0.6157
0.6075
0.6101
0.6056
0.6084
0.6124
0.6013
0.6131
0.6082
0.6064
0.6174
0.6161
0.6167
0.6136
0.6131
0.6211
0.6107
0.6059
0.6124
0.6077
0.6142
0.6132
0.6183
Time:
1744.9795880317688